
52
57
1008
152
106
586
108
52
52
52
52
87
79
52
70
1000
238
52
61
1008
344
830
52
289
685
52
52
289
52
108
59
52
52
1114
131
52
106
1200
167
52
365
52
52
365
209
52
52
504
987
155
61
52
68
52
52
52
138
52
52
61
52
52
159
140
52
106
71
1008
66
58
106
52
177
167
52
52
52
64
52
383
52
91
63
52
61
52
250
52
62
52
52
62
311
124
61
115
52
61
52
58
1114
52
52
99
52
329
87
185
52
52
52
52
52
114
52
666
132
52
1115
52
108
144
239
83
52
289
436
96
52
127
1000
52
52
52
486
98
52
98
834
52
108
140
72
104
52
52
52
193
238
52
111
58
52
94
52
311
52
270
1000
52
60
52
52
504
52
216
685
52
61
99
61
52
664
62
52
52
61
96
61
685
513
173
102
52
52
52
250
52
106
223
220
52
52
52
66
105
1000
138
52
442
135
52
52
230
61
52
331
1000
59
64
72
1000
191
52
104
62
52
61
52
52
148
87
643
52
61
61
52
52
52
119
329
52
61
106
127
52
98
144
79
52
52
1115
52
52
417
134
52
52
685
52
52
61
122
1000
61
52
52
61
52
52
116
140
64
52
52
87
61
52
52
52
61
289
52
62
686
62
189
96
227
61
61
139
52
284
681
52
1000
79
52
52
52
108
94
83
52
87
52
83
395
52
52
62
106
239
52
183
116
52
52
177
52
52
52
1182
61
98
102
52
52
52
52
87
52
227
127
167
66
87
61
52
52
61
547
61
52
52
52
234
249
52
79
52
57
87
157
104
52
61
52
402
94
52
239
52
316
429
52
52
99
52
155
61
61
386
52
52
303
144
52
174
439
61
52
52
52
52
599
59
1000
201
141
108
62
52
52
52
60
455
173
62
141
286
92
52
52
52
100
504
66
65
52
52
141
52
52
71
91
52
52
56
52
52
265
210
498
101
52
58
87
71
52
52
1008
61
52
167
40
52
116
52
493
52
52
230
106
144
52
52
205
52
84
61
52
110
167
61
58
61
643
52
52
52
580
88
52
94
52
53
52
52
159
97
52
52
106
52
934
52
212
52
52
52
52
52
52
52
52
265
61
52
52
61
137
52
62
110
52
61
116
107
52
52
52
72
61
52
61
52
52
52
1000
167
247
104
52
52
1000
108
62
52
289
52
325
167
336
52
52
52
61
1008
212
184
174
106
52
61
61
1000
52
264
800
643
52
99
52
52
61
1000
52
61
90
52
52
482
314
52
519
52
52
52
52
96
1000
167
52
52
168
643
52
120
52
52
52
247
198
288
889
52
52
52
106
57
118
131
504
61
108
52
578
1112
96
61
59
210
1000
61
263
134
163
52
52
108
154
108
993
52
52
52
303
357
52
1000
52
115
52
167
52
65
52
52
52
1000
52
195
52
87
52
173
108
52
289
148
1008
52
52
159
52
52
112
79
52
98
1000
52
52
87
52
52
1008
68
87
135
52
62
106
52
98
61
71
52
431
52
137
87
312
52
61
273
52
52
52
52
290
52
61
52
162
70
135
108
106
52
52
167
52
289
66
258
52
427
101
61
52
584
76
52
378
52
321
1000
61
52
258
71
191
168
52
52
156
79
52
127
72
454
52
52
152
61
165
289
52
504
255
108
52
52
537
91
88
61
52
135
52
194
52
91
167
57
1008
107
52
62
141
271
144
246
52
1115
68
52
167
61
1000
52
101
112
457
52
52
61
222
58
62
52
52
52
61
91
52
52
253
52
121
52
61
52
52
61
88
97
61
216
52
96
52
52
1000
100
52
52
566
135
52
147
52
52
261
52
52
52
52
58
59
108
52
68
99
87
108
61
335
1175
1109
103
61
52
52
156
145
52
82
132
52
52
64
87
124
544
52
52
62
167
52
52
52
52
57
52
52
52
61
209
61
52
52
52
52
107
151
52
52
52
918
1069
144
1000
144
1000
52
60
66
52
52
52
62
52
1000
52
52
685
477
52
52
58
52
115
333
52
107
455
87
52
52
61
52
52
52
59
76
52
52
59
52
61
52
52
1008
52
52
52
999
124
52
1114
226
116
105
52
52
52
52
52
52
108
52
52
97
1175
144
52
225
266
52
59
52
61
61
71
66
52
125
61
809
94
105
222
55
561
157
52
52
140
52
52
188
52
52
108
52
108
52
289
101
52
61
1115
108
52
481
52
52
52
52
88
236
52
153
135
55
52
251
91
645
91
52
108
52
52
210
79
210
1000
87
143
52
103
52
52
61
405
52
52
1000
128
59
58
124
265
83
52
167
174
109
60
219
52
154
104
52
57
52
59
52
96
52
52
1000
52
284
52
87
212
52
569
52
61
168
199
1000
61
535
144
1008
52
322
52
61
133
52
52
61
59
52
52
462
52
52
52
52
52
52
66
61
52
52
71
61
52
97
456
273
52
106
57
52
52
252
251
399
52
1008
52
52
1008
52
62
52
731
61
52
148
175
52
175
1008
52
52
52
1068
52
52
247
52
61
61
1069
423
52
52
52
135
52
52
52
62
167
52
52
52
167
52
52
289
104
52
124
1000
52
142
52
108
52
52
952
1000
1008
52
52
87
52
210
52
197
227
712
1000
61
129
52
61
115
52
52
831
52
118
1000
60
52
1000
52
52
91
683
325
52
52
52
52
68
61
66
52
61
229
52
141
52
238
167
262
52
57
197
52
62
104
82
52
61
102
118
455
61
52
52
87
61
71
419
52
112
61
52
62
62
52
61
432
52
177
52
143
83
1115
120
132
180
490
52
52
120
61
131
396
52
52
59
52
52
66
52
210
632
52
104
57
52
56
52
1000
307
71
151
87
52
52
94
52
52
1000
52
55
52
61
52
52
52
52
87
52
60
287
52
61
262
52
52
52
52
165
245
52
52
358
52
96
83
57
160
52
52
52
106
252
64
52
52
52
52
616
167
52
62
112
52
57
52
167
52
127
52
52
102
272
369
219
52
52
190
52
52
106
168
52
207
483
327
130
52
74
52
1000
52
62
311
52
52
91
61
52
994
64
238
370
52
63
92
71
52
52
88
66
76
52
52
1008
136
52
99
1170
52
108
146
210
225
53
124
52
52
509
64
52
213
52
52
52
52
52
500
229
148
52
52
58
727
52
1115
108
832
68
52
52
1000
100
52
71
52
1000
889
91
52
167
152
108
397
144
263
52
58
61
76
190
106
102
59
106
52
52
159
52
104
52
380
52
163
52
251
52
59
52
297
61
61
59
600
211
83
52
52
52
52
52
155
61
82
504
52
231
52
172
61
52
61
61
289
52
52
52
52
52
52
83
141
88
61
1000
52
52
52
61
246
52
52
52
288
190
52
52
99
52
52
52
52
93
1000
106
638
217
106
222
78
52
142
65
104
52
66
84
148
52
1000
52
563
52
133
191
52
108
1000
52
252
360
225
1000
278
1000
490
52
1000
1008
152
62
52
52
127
52
74
52
87
52
163
139
59
52
84
52
319
61
61
52
1000
88
167
157
52
61
184
52
52
115
330
188
145
52
52
61
52
934
242
1000
686
52
107
52
116
61
223
400
59
219
918
87
64
52
52
139
52
52
179
1114
61
61
68
869
68
145
64
52
289
61
130
61
143
52
52
141
261
52
52
274
228
104
52
168
141
62
52
320
52
749
130
103
52
61
382
150
1000
52
61
52
52
52
52
1175
286
52
52
60
379
61
287
52
52
52
52
61
61
167
1000
1000
54
686
625
52
59
52
1083
52
52
262
87
52
59
52
125
52
52
664
1000
52
52
96
106
1000
102
56
52
52
61
52
125
52
61
52
123
167
52
167
504
96
168
179
52
57
52
300
52
52
61
61
87
167
64
144
52
61
52
399
833
52
449
60
52
52
52
631
52
52
190
1008
1000
52
112
52
52
1008
61
61
91
581
52
220
167
217
995
96
240
52
52
289
52
87
52
101
108
52
970
52
1259
100
61
326
120
127
88
52
52
581
52
52
52
52
52
106
88
61
61
71
52
498
173
52
60
174
52
213
108
52
61
52
665
161
52
1008
274
52
149
1114
61
91
120
61
106
52
504
61
1000
52
59
1115
71
76
52
108
52
52
52
52
115
52
1000
141
52
1000
52
76
289
61
60
52
1148
52
62
430
61
108
61
52
52
392
58
52
52
62
61
455
1114
52
1175
52
61
62
281
52
52
52
1008
52
52
269
129
61
260
275
52
52
52
52
87
289
52
179
55
52
1114
52
57
52
504
52
52
61
137
91
430
168
52
1008
52
61
52
52
52
52
61
206
52
52
64
61
120
61
106
52
52
61
52
52
230
959
59
52
1000
137
62
72
61
61
144
52
52
246
430
79
120
179
52
52
52
455
108
52
52
195
56
52
225
68
301
217
120
133
111
52
52
52
98
52
58
98
106
52
315
52
52
52
62
486
52
52
167
158
131
61
52
136
52
52
52
161
52
224
57
281
52
115
82
59
52
108
52
52
52
52
52
52
52
152
52
52
57
62
61
643
61
52
52
66
285
52
1115
52
52
52
52
162
52
52
165
88
455
52
289
52
52
52
52
504
106
52
59
61
1008
52
92
533
61
295
52
100
52
179
1000
83
889
52
61
106
52
109
52
52
106
52
167
59
61
55
52
52
52
52
138
52
52
52
60
449
82
141
54
61
52
52
168
91
52
52
52
1000
358
52
585
94
63
52
106
1000
52
52
163
210
52
195
96
58
112
217
52
88
52
52
52
118
87
159
52
345
66
52
79
52
217
52
87
52
61
66
579
148
71
1000
72
106
306
61
52
61
159
504
52
52
1114
669
60
52
220
52
52
52
59
61
52
61
167
256
52
391
74
87
52
61
52
52
52
1115
286
239
105
64
108
167
52
99
68
61
131
88
52
252
52
62
57
52
52
52
61
60
135
52
926
52
1115
61
52
74
52
52
52
1000
1000
52
52
87
251
52
108
61
52
161
52
52
148
504
52
284
140
52
95
52
52
640
61
68
52
1000
52
52
69
52
58
491
55
52
52
88
1000
66
820
52
61
61
100
52
52
52
1008
94
71
66
52
52
52
83
102
52
167
106
52
62
377
109
61
52
61
52
52
87
214
64
61
52
54
87
231
70
52
306
232
58
87
61
52
52
269
52
102
52
61
52
52
1114
52
169
61
112
1113
52
52
52
99
112
686
402
61
52
52
52
108
138
52
289
58
66
52
240
52
455
84
79
83
52
52
61
52
61
58
52
61
60
1000
52
52
130
74
1000
52
298
52
1000
52
289
52
52
184
55
142
52
97
52
627
52
889
583
52
52
61
52
52
62
52
71
52
52
52
190
87
333
102
76
99
52
65
76
52
52
52
111
91
1008
166
190
1000
52
106
62
64
52
83
79
52
61
108
61
52
52
52
61
99
106
944
61
52
104
1000
52
66
52
52
52
66
131
60
168
1114
61
133
52
70
91
52
52
127
52
108
1000
242
61
1114
368
158
52
52
52
61
265
87
52
253
82
61
52
52
301
167
141
52
76
52
1000
52
308
71
52
198
52
52
701
62
154
730
640
61
108
52
279
52
104
52
127
52
52
52
52
176
289
289
61
52
61
52
478
91
600
52
168
52
289
141
139
616
99
52
52
106
1000
87
59
1276
52
57
52
61
52
108
52
1000
1008
256
61
61
87
167
243
88
173
52
99
52
62
52
52
52
686
52
52
90
120
1069
52
71
52
118
61
52
52
56
52
52
52
121
52
183
52
52
52
87
1000
277
79
52
159
816
52
87
52
52
108
52
1269
453
169
139
79
52
151
1000
52
52
52
691
61
61
61
52
140
105
62
52
87
179
91
59
108
289
52
60
57
219
579
59
289
61
52
109
234
52
132
993
52
52
167
61
52
572
455
52
52
52
52
1000
239
61
52
52
100
108
52
52
52
59
98
52
96
52
60
52
52
455
52
207
61
113
64
64
52
52
62
581
52
52
104
52
120
52
167
266
62
1000
95
61
258
52
52
68
62
52
1000
79
255
52
167
52
61
343
52
61
52
1234
449
52
289
52
52
61
61
109
52
61
52
64
132
259
1000
52
61
60
52
60
384
1000
61
126
109
61
52
52
61
66
95
161
61
52
293
171
52
61
102
52
153
665
1000
52
1114
52
288
179
52
62
52
105
96
52
168
54
1008
52
94
52
104
360
1000
1000
52
52
172
64
108
747
294
61
52
501
96
52
61
86
87
67
130
167
52
61
289
61
66
511
638
118
52
61
869
52
129
52
148
60
108
325
52
64
176
61
96
61
1021
52
61
147
1056
226
162
52
52
52
52
52
52
136
127
477
52
195
84
455
52
52
52
52
52
87
52
52
54
155
215
1008
52
136
52
133
66
120
61
729
61
100
108
141
79
106
52
61
52
52
52
52
52
173
156
52
337
61
52
61
59
61
266
252
52
96
288
52
52
61
1000
181
52
91
52
1000
612
324
1000
299
52
1108
143
478
645
179
1175
272
52
52
52
52
52
166
91
62
206
52
144
108
52
328
92
52
969
703
106
52
52
80
504
52
1000
94
61
52
1175
289
1000
663
52
52
52
1008
415
52
52
184
66
52
61
52
98
52
61
91
98
54
52
64
296
125
52
455
1000
52
378
126
443
137
244
52
52
62
124
99
52
52
108
52
1114
52
52
52
1008
52
149
52
255
87
1114
349
52
52
387
40
52
172
52
462
61
52
52
233
61
117
1115
1000
138
79
61
96
332
52
52
155
52
66
52
289
52
289
108
52
58
1000
1000
52
324
52
115
1000
52
52
52
994
88
127
52
283
61
108
52
549
52
52
52
61
52
144
76
61
108
62
52
52
61
164
61
87
52
61
52
222
66
52
222
1108
91
52
106
215
52
52
108
1000
281
52
1008
211
1114
175
52
801
60
111
52
52
52
108
640
869
106
339
188
136
194
52
122
52
223
52
120
269
62
328
276
289
52
52
65
52
167
52
473
52
52
1000
585
52
52
61
256
115
55
260
52
306
102
248
52
113
504
52
52
52
91
159
52
52
52
52
228
52
52
52
61
52
1008
52
106
52
61
162
1008
462
221
144
97
1000
61
59
1000
52
61
61
80
61
52
167
52
127
97
345
74
52
1008
52
251
186
109
59
52
52
58
52
61
222
289
52
490
266
314
1175
286
749
52
109
287
52
52
456
304
52
52
61
52
108
61
296
52
238
52
99
61
134
61
61
87
52
61
64
664
52
52
160
52
58
61
61
61
274
98
52
52
108
52
52
61
61
62
120
52
52
52
1093
52
52
52
52
201
426
90
61
53
52
247
52
1000
52
162
61
1000
61
52
90
312
59
104
52
52
61
1000
185
52
52
1000
52
87
580
52
546
52
116
52
79
52
61
417
289
88
106
52
52
52
61
52
99
52
52
144
52
301
1000
131
302
52
52
296
118
52
109
102
52
275
52
52
52
251
248
328
234
52
52
52
52
52
61
52
71
996
52
52
103
52
52
52
52
252
61
231
130
108
52
168
167
52
52
108
52
52
66
87
147
52
118
52
59
664
52
167
64
112
173
52
686
59
52
61
167
108
52
61
52
52
1000
61
136
145
52
252
59
1000
52
95
52
57
52
356
241
88
438
52
156
889
60
312
127
167
52
102
61
207
52
52
1266
232
167
117
61
88
120
52
52
369
52
61
344
106
57
155
52
61
52
311
61
52
52
92
744
52
52
99
289
65
52
56
63
52
146
52
52
52
67
52
59
266
52
106
96
177
102
52
52
889
52
395
61
52
172
678
260
52
52
136
312
52
215
584
52
726
176
52
129
61
61
96
52
52
52
111
52
52
66
61
52
52
52
52
582
253
433
309
71
52
92
52
88
52
52
52
52
455
96
52
68
135
106
106
72
52
93
1000
52
61
53
52
1000
234
218
52
52
52
61
52
52
120
55
1000
533
52
61
52
52
1114
52
1008
